tempos
22.72
39.05
47.93
10.2
40.72
41.57
29.68
29.99
29.79
26.21
30.75
25.02
27.46
36.71
46.55
34.79
30.38
25.98
26.79
62.57
37.47
30.6
31.15
41.06
28.37
20.07
42.32
24.74
35.83
25.7
48.13
30.77
28.2
30.49
18.08
23.16
12.02
21.25
32.76
30.88
51.94
24.24
26.59
32.91
25.06
25.35
23.82
22.23
30.24
30.53
16.13
29.6
23.8
24.84
34.21
42.19
54.13
27.49
53.67
23.26
43.22
64.04
35.62
28.63
35.92
55.55
23.48
51.05
50.63
39.7
36.08
30.99
31.97
43.13
58.77
34.31
20.7
28.04
38.84
32.51
34.04
34.13
20.9
34.09
45.35
43.67
42.05
31.57
33.89
22.86
35.42
38.81
54.77
47.02
30.55
39.91
23.52
45.66
46.7
59.33
40.56
30.78
36.73
30.47
26.91
37.84
26.14
37.85
39.9
35.43
33.84
28.86
23.79
45.34
36.25
45.14
22.31
37.86
43.4
35.71
33.89
27.4
58.64
44.26
56.07
36.88
29.05
19.35
29
38.49
47.15
38.78
23.11
43.36
17.85
31.98
32.52
14.57
46.12
29.15
32.33
51.35
43
34.81
41.65
40.39
54.29
39.03
41.57
39.82
31.85
37.07
54.03
26.37
37.34
50.98
33.42
24.41
26.43
31.71
26.68
33.13
31.44
33.99
40.48
42.87
54.46
35.24
32.47
52.18
54.75
36.48
32.34
15.96
51.52
26.79
23.64
69.48
38.59
35.63
5.95
34.9
46.74
40.55
46.04
57.82
48.86
30.4
43.75
33.82
30.08
4.59
27.31
41.37
59.85
41.51
42.82
25.38
37.79
13.14
41.34
43.66
38.04
43.71
39.43
44.37
56.27
48.24
36.36
23.74
40.6
31.6
52.43
18.32
31.43
40.64
34.33
29.33
32.65
42.92
45.85
43.26
61.01
48.91
39.16
28.74
68.11
43.45
28.47
38.05
32.43
32.98
25.73
37.29
39.51
24.15
0.44
33.2
36.32
42.54
36.65
40.55
23.92
43.82
43.91
38.77
50.93
40.45
38.91
38.95
40.81
47.66
40.97
43.3
23.5
31.92
52.25
22.54
38.84
40.46
46.73
32.16
37.74
16.6
39.72
28.67
33.37
22.93
40.23
43.33
32.65
56.08
43.38
46.43
58.54
28.84
44.89
46.85
35.93
39.51
24.87
41.17
28.29
44.95
27.07
39.51
26.69
33.3
18.92
37.41
46.84
38.02
16.57
29.17
54.22
55.91
23.07
31.97
39.89
39.51
29.62
25.51
34.03
47.11
36.26
28.86
30.45
53.76
31.08
44.39
52.19
40.88
31.36
35.56
30.58
49.5
34.35
53.05
29.82
28.88
37.57
36.27
30.45
18.6
36.33
28.12
47.91
25.52
48.39
28.86
39.22
45.89
30.29
42.1
35.03
23.51
33.03
53.82
33.64
27
35.41
39.63
46.51
48.58
37.11
48.81
27.59
10.21
30.81
30.33
10.52
42.19
27.38
33.51
18.54
42.02
56.8
26.34
34.76
57.44
46.27
57.04
35.94
34.33
30.39
51.78
21.86
39.38
35.49
60.77
29.31
19.4
38.56
35.56
26.77
37.46
32.97
28.53
41.51
32.35
15.82
6.83
29.61
52
45.22
49.37
46.81
39.47
19.42
38.26
53.57
-1.36
27.41
48.13
41.82
44.68
41.03
41.93
36.16
25.92
22.51
36.4
31.36
26.11
40.59
37.69
52.1
23.66
30.3
35.18
20.51
32.87
28.21
12.38
32.88
30.13
48.46
29.36
42.13
37.57
22.39
40.12
34.83
37.83
43.24
37.25
53.44
37.27
22.21
44.16
22.55
14.89
27.09
27.81
29.32
53.67
53.99
43.99
21.99
36.25
41.36
34.49
37.89
25.61
21.84
51.49
38.94
31.51
39.58
58.69
39.99
51.53
51.04
31.52
44.39
28.84
19.79
22.78
34.36
55.77
37.15
27.17
38.53
43.68
21.75
24.4
14.64
22.03
26.24
32.79
51.51
45.78
39
29.77
35.56
42.02
30.46
47.65
48.07
23.17
27.78
49.27
17.44
40.62
38.57
71.15
5.97
26.75
43.41
54.42
45.24
20.29
60.63
16.67
23.76
35.53
60.48
41.57
44.03
55.01
46.83
22.53
43.81
34.8
55.61
33.32
19.2
41.41
39.9
35.81
24.38
26.77
35.86
47.42
31.99
26.41
6.25
41.44
40.7
50.4
52.13
34.43
50.28
36.01
28.56
26.67
32.18
38.5
35.7
38.21
38.19
43.86
33
53.99
40.81
22.87
32.96
41.67
31.48
39.79
40.78
50.34
28.83
35.81
29.76
23.6
15.66
38.15
42.62
43.03
20.71
23.57
23.45
28.42
37.87
42.54
27.03
4.49
46.49
42.77
28.29
24.19
32.7
37.19
43.96
51.29
26.66
39.2
50.68
26.09
33.55
16.51
39.16
28.95
25.83
27.42
40.89
12.21
31.32
24.85
25.42
41.22
39.87
34.82
41.91
29.38
13.74
48.7
33.46
31.98
37.73
44.43
40.69
46.2
36.51
30.45
32.7
45.05
26.66
25.51
39.45
42.74
17.4
44.63
36.13
34.01
48.18
52.27
23.38
47.13
29.05
37.46
41.29
37.46
19.91
30.43
52.94
37.9
26.81
28.78
47.63
39.81
26.13
36.07
42.56
54.95
26.3
31.82
46.96
30.95
52.06
47.48
17.75
40.66
20.39
19.89
36.77
36.62
35.64
49.91
39.24
28.6
37.32
30.34
35.25
23.37
34.73
37.13
28.28
36.45
28.86
28.92
33.75
41.4
33.74
38.1
46.67
32.86
34.86
41.62
22.16
41.98
30.12
23.48
16.55
28.14
23.13
23.04
53.9
22.67
46.97
42
26.27
29.28
31.49
38.09
32.17
45.1
32.78
12.18
34.94
15.63
46.32
27.78
23.73
29.49
42.44
14.9
38.79
25.31
35.91
43.47
42.27
52.53
37.42
28.29
59.69
32.66
44.88
46.24
41
51.68
33.7
22.45
32.03
29.98
39.61
25.73
43.49
23.2
55.31
51.95
31.06
37.54
31.89
22.73
6.73
35.72
35.62
54.07
14.05
28.72
45.68
39.77
37.34
29.17
38.21
33.41
37.25
29.64
49.07
47.66
50.7
31.96
32.65
32.15
51.12
32.7
37.07
40.19
43.46
33.06
61.81
25.8
20.31
36.47
55.44
36.58
37.21
45.5
34.91
37.14
49.29
37.03
27.73
40.34
23.99
19.96
34.65
23.89
42.39
34.38
27.57
53.85
34.79
51.64
34.75
32.38
40.11
47.33
65.76
24.62
33.98
47.86
39.76
33.94
21.67
32.93
33.97
35.1
53.73
30.92
18.66
41.46
34.77
33.75
42.99
4.03
29.91
34.31
42.66
33.13
24.94
40.1
36.21
37.22
48.72
30.04
22.26
21.92
24.74
20.74
35.46
55.92
34.91
44.55
23.87
33.56
42.23
32.1
44.64
43.63
29.04
27.51
61.94
33.88
36.07
35.4
29.75
25.8
23.51
46.05
25.15
43.34
51.47
48.74
34.47
30.07
24.13
35.8
33.44
37.72
29.36
42.92
43.86
47.83
60.75
38.18
29.67
35.15
18.09
37.43
31.32
40.47
33.04
20.81
36.4
21.11
45.87
15.88
34.44
41.04
19.28
51.39
26.26
30.43
37.8
32.29
24.6
40.5
30.23
41.57
30.45
25.47
34.96
43.14
38.67
35.35
14.57
51.97
35.56
26.5
33.78
38.87
19.3
43.89
38.72
49.23
46.85
30.08
30.61
25.05
32.02
46.39
55.71
46.21
15.87
45.04
47.4
42.79
26.6
47.71
44.02
43.29
31.8
45.3
37.23
35.25
52.36
44.33
4.39
31.31
19.64
42.48
31.13
45.91
41.15
36.24
35.06
32.03
38.19
23.81
43.4
31.66
27.82
32.41
56.62
16.66
32.16
37.17
30.09
31.48
40.21
38.45
28.59
42.24
37.97
43.55
21.4
27.55
33.88
46.55
30.18
24.64
44.49
41.12
22.52
58.51
52.49
20.72
59.69
16.98
37.12
23.45
31.85
32.16
39.55
23.63
5.67
34.95
27.79
38.32
26.67
44.71
36.32
42.64
25.06
33.68
39.78
35.02
54.19
14.41
44.32
36.16
46.4
34.91
5.86
40.62
33.6
25.12
28.78
36.61
62.97
38.07
25.22
56.94
31.18
26.87
22.28
28.59
57.29
45.97
44.1
37.61
39.11
42.48
38.37
37.71
46.49
34.18
38.81
26.13
53.42
51.32
16.07
33.62
42.05
41.31
44.37
31.1
