tempos
13.27
258.49
1298.39
1.36
350.11
408.34
47.02
49.74
47.99
25.03
57.15
20.15
31.42
168.83
1011.3
119.04
53.41
23.99
27.82
18614.02
194.06
55.62
61.49
372.11
37.06
8.2
468.49
19.16
143.99
22.83
1345.6
57.33
35.91
54.46
5.71
14.36
1.9
10.16
82.39
58.45
2694.57
17.51
26.82
84.67
20.31
21.39
16.21
12.13
52.06
54.94
4.01
46.33
16.15
19.49
107.27
457.65
4006.35
31.6
3684.24
14.65
551.8
24293.94
138.45
38.89
146.17
5188.34
15.22
2288.51
2119.91
290.89
150.47
59.68
71.3
542.71
9325.82
109.2
9.19
34.91
248.77
78.72
104
105.64
9.54
104.84
812.78
598.97
445.86
66.32
101.17
13.61
133.44
247.25
4500.43
1099.96
55.08
302.2
15.34
859.55
1038.81
10324.08
340.03
57.43
169.35
54.33
28.45
207.26
24.72
207.76
301.85
133.73
100.3
40.52
16.13
811.23
155.2
782.33
12.32
208.11
570.4
140.82
101.21
31.07
9102.68
665.81
5701.11
174.19
41.98
7.2
41.59
233.36
1127.07
246.04
14.24
565.34
5.47
71.4
78.87
3.01
934.6
42.7
76.09
2417.03
530.25
119.48
414.69
329.82
4128.68
257.7
408.52
297.41
69.79
180.41
3934.3
25.76
189.34
2262.58
92.83
18.05
26.06
68.02
27.26
88.12
64.79
102.91
334.99
517.63
4257.39
129.36
78.13
2813.01
4485.74
161.82
76.3
3.88
2496.2
27.79
15.68
65351.25
237.47
138.86
0.63
121.56
1045.3
339.59
920.25
7843.69
1537.97
53.65
606.9
99.8
50.6
0.49
30.59
393.72
11339.7
403.99
513.07
21.5
205.47
2.32
391.68
597.97
215.08
602.73
276.82
679.21
5913.11
1372.96
158.43
15.98
342.45
66.65
2942.42
5.96
64.62
345.16
109.57
44.15
80.69
522.73
889.22
555.81
14002.16
1551.53
263.86
39.66
50933.71
575.27
37.76
215.51
77.57
85.68
22.94
187.48
280.99
17.2
0.23
89.14
157.44
487.14
167.05
339.27
16.52
615.45
625.02
245.5
2240.71
333.26
251.82
253.68
355.62
1236.76
366.64
559.14
15.29
70.74
2846.77
12.84
248.67
333.62
1044.83
73.87
203.82
4.36
292.13
39.13
92.08
13.8
320.5
562.93
80.7
5710.27
567.43
989.56
8944.61
40.36
747.88
1067.59
146.59
280.93
19.62
380.06
36.53
755.49
29.29
281.12
27.3
90.78
6.65
191.88
1065.17
214.11
4.34
42.9
4072.8
5539.23
14.15
71.28
301.04
280.99
46.53
22.05
103.66
1118.36
155.59
40.53
54.12
3747.27
60.71
682.9
2817.03
360.44
63.85
137
55.45
1729.23
110.05
3294.36
48.27
40.68
197.6
155.77
54.11
6.28
157.61
35.4
1293.65
22.08
1412.29
40.52
266.38
895.52
52.59
449.83
124.47
15.33
86.47
3787.95
96.71
28.92
133.21
287.23
1002.9
1462.53
181.46
1524.09
32.18
1.36
57.78
52.89
1.44
457.12
30.95
94.43
6.21
443.66
6518.86
25.63
118.5
7313.13
960.67
6809.81
146.87
109.45
53.56
2615.33
11.34
274.41
135.28
13409.03
43.99
7.25
236.34
137.1
27.71
193.37
85.54
38.19
404.1
76.45
3.78
0.74
46.47
2719.96
793.35
1685.99
1058.93
279.09
7.29
223.89
3620.82
0.17
31.1
1346.05
427.3
719.67
370.26
436.01
152.82
23.74
12.76
159.54
63.89
24.56
342.02
201.72
2769.9
15.75
52.69
127.75
8.89
83.98
36
2.02
84.13
51
1430.84
44.34
452.61
197.41
12.51
313.65
120.04
206.88
553.39
186.41
3534.47
187
12.09
654.41
12.86
3.2
29.37
33.47
44.04
3690.51
3909.63
634.08
11.62
155.45
393.17
112.84
209.24
22.43
11.3
2478.8
253.34
65.58
284.45
9181.65
306.54
2496.91
2287.21
65.74
682.04
40.35
7.79
13.42
110.23
5399.84
183.02
29.79
235.27
599.41
11.13
18
3.06
11.72
25.16
82.78
2490.37
877.68
256.2
47.79
136.95
443.73
54.16
1234.15
1332.63
14.4
33.32
1658.18
5.08
343.58
236.75
88592.49
0.63
27.62
571.38
4224.49
795.82
8.53
13079.17
4.42
16.02
136.14
12723.09
408.56
639.57
4703.94
1063.75
12.81
613.67
119.29
5245.97
91.21
7
396.89
301.57
143.27
17.94
27.72
144.71
1183.49
71.6
25.97
0.66
398.82
348.86
2035.27
2789.02
111.48
1992.26
148.8
38.37
27.21
74.15
233.92
140.5
221.8
220.94
619.68
85.94
3907.66
356.16
13.64
85.34
416.45
65.23
295.89
353.82
2012.14
40.31
143.49
47.68
15.58
3.68
219.44
494.29
532.89
9.21
15.5
15.15
37.44
208.6
487.34
29.08
0.48
999.89
508.04
36.53
17.33
81.45
184.24
630.43
2392.73
27.17
265.46
2139.55
24.47
95.06
4.29
263.71
41.17
23.34
31.19
361.05
1.96
63.37
19.54
21.67
383.47
299.92
119.82
434.86
44.51
2.59
1493.45
93.56
71.51
203.37
686.68
347.99
948.17
162.76
54.13
81.38
769.57
27.15
22.04
277.82
505.2
5.04
712.94
152
103.28
1358.19
2860.61
14.96
1122.49
41.92
193.39
388.33
193.71
7.96
53.9
3227.06
209.68
27.89
39.97
1230.45
296.54
24.67
150.28
489.48
4652.24
25.44
69.42
1088.13
59.25
2753.23
1195.71
5.38
346.51
8.69
7.93
170.86
166.23
139.02
1860.43
267.73
38.62
188.51
53.05
129.51
14.94
117.86
182.34
36.47
161.17
40.55
40.93
98.61
396.11
98.43
217.32
1032.82
83.89
120.63
412.61
11.99
440.39
50.91
15.24
4.32
35.52
14.29
14.06
3845.21
13.14
1091.19
441.64
25.29
43.71
65.34
217.2
73.95
775.65
82.65
1.95
122.43
3.65
968.38
33.27
15.95
45.47
478.41
3.2
246.57
21.23
145.91
577.14
463.71
2998.67
192.13
36.51
11019.42
80.92
746.32
955.26
368.63
2567.89
97.71
12.64
72.15
49.68
286
22.95
579.18
14.47
4968.63
2695.33
60.49
196.4
70.29
13.29
0.72
141.15
138.55
3962.85
2.74
39.47
862.71
294.35
189.33
42.88
221.83
92.59
186.29
46.72
1598.99
1236.29
2150.63
71.21
80.75
73.66
2317.6
81.5
180.42
318.1
576.18
86.89
16186.48
23.22
8.56
161.52
5089.26
164.93
184.83
834.14
121.76
182.62
1663.98
179.02
32.97
326.96
16.73
8.03
116.11
16.41
474.3
110.62
32.05
3811.57
119.12
2548.88
118.29
76.82
313.23
1164.18
33241.36
18.73
102.84
1281.19
293.9
102.03
10.96
85
102.56
126.02
3731.19
58.92
6.35
400.56
118.64
98.62
529.08
0.44
49.04
109.19
497.99
88.06
19.88
312.66
154.3
185.13
1499.88
50.18
12.2
11.47
19.15
9.25
134.5
5552.04
121.63
702.38
16.36
95.27
460.44
72.97
713.74
594.72
41.87
31.69
16574.73
100.98
150.39
133.07
47.64
23.24
15.31
923.27
20.65
563.95
2473.01
1503.51
112.45
50.47
17.15
143
93.2
202.87
44.34
522.21
619.14
1276.37
13353.2
220.47
46.94
127.15
5.72
192.45
63.35
334.29
86.69
9.37
159.68
9.91
892.49
3.82
111.75
370.91
7.1
2436
25.26
53.91
205.75
75.62
18.69
336.53
52.02
408.71
54.08
21.88
122.82
543.96
240.96
131.91
3.02
2705.08
137.02
26.36
99.15
250.26
7.12
623.04
243.15
1645.06
1066.44
50.61
55.67
20.27
71.99
981.13
5347.66
950.34
3.82
767.97
1179.14
510.22
26.85
1247.65
638.4
558.53
69.21
805.76
185.52
129.6
2905.02
674.82
0.47
63.24
7.58
481.83
61.24
900.19
378.29
155.1
125.18
72.06
221.19
16.18
569.97
67.48
33.52
77.31
6306.51
4.41
73.87
183.68
50.64
65.2
318.84
231.6
38.57
461.68
212.51
585.63
10.44
31.95
100.95
1010.4
51.52
18.81
694.71
376.42
12.79
8895.98
2973.07
9.23
11012.13
4.67
182.01
15.14
69.82
73.88
283.09
15.66
0.6
122.53
33.33
226.23
27.19
723.81
157.33
496.1
20.29
97.25
295.31
124.12
4056.5
2.93
673.34
152.76
983.8
121.8
0.62
343.99
95.89
20.52
39.93
165.89
20012.79
216.23
20.92
6682.32
61.74
28.23
12.25
38.57
7117.66
909.71
647.46
198.99
261.45
482.29
228.54
202.37
999.9
106.52
247.15
24.66
3526.07
2405.51
3.96
96.29
445.73
389.74
679.73
60.87
